00101101111111000001010
01111010111001101000100100001
01111
011011000011000110110010000111101001101011
010101110001111000111011111
000000101110011100010101111101000
011111000010000100
10101001001010010111101011001
1101101000001011101
1010110001001001011010110010101011100
101101101111110100
11010000101
111100111010101101011111100101100100
111001010001000110011
01101100101001110011010101011101101110101101101
010000110010011100111101101011001010
1011000010100100010010
00111111001000
0010010000000001001011101100110
101001
000111111110110101110101000
00111001100100
1110100011111111001000110100000101
000000101111001001100000
000001010010010011101101010110101010110111011
001000101010011100100111101111110